Node 3: 
0.9367902000792533 [FORMATTED]
[[[-8.5698836,  -1.06913627, -6.40822256],
 [ 1.13662585,  2.2034643,  -5.78291462]], [[-7.89852029],
 [-1.59222526],
 [-1.52617514]], [[0.09279423, 3.19090456, 2.45894446]], [[-0.8050816]]]
0.9565615440826312 [FORMATTED]
[[[ 5.86617622,  7.2200131,   4.91065657],
 [ 4.38998694, -5.29590823, -8.7188593 ]], [[-0.14760571],
 [-0.48181799],
 [ 1.21185111]], [[-6.76911259,  7.41394183, -0.66315877]], [[-1.30847865]]]
0.9460378651135543 [FORMATTED]
[[[ 8.03055931,  1.5231809,  -2.63748724],
 [-5.93024908, -8.04564262,  3.46543589]], [[-0.53411731],
 [ 3.86783956],
 [ 1.53863319]], [[-9.98449825, -3.1533504,  -3.92526588]], [[-4.09422195]]]
0.952934234376813 [FORMATTED]
[[[ 8.87707223, -5.15113337, -5.12443366],
 [ 6.46709562,  9.12881877,  6.10835178]], [[ 8.7884826 ],
 [-9.35721335],
 [-6.50582105]], [[1.37802018, 7.54013418, 1.19123162]], [[-9.53578369]]]
0.9516623712800949 [FORMATTED]
[[[-2.34984402,  1.63289957,  8.13649873],
 [ 8.52844145, -3.35345834, -6.95825797]], [[-6.72095766],
 [-0.09974575],
 [ 2.11401128]], [[-1.13723442,  6.08335905, -4.19843159]], [[-2.75339253]]]
0.9348686476851041 [FORMATTED]
[[[-0.39328303, -9.10680776,  8.18411985],
 [ 0.26102994,  3.50442652,  4.34177291]], [[-6.41715221],
 [-4.41921416],
 [ 5.56211289]], [[ 3.82725178,  7.03947494, -5.33984251]], [[-6.33482185]]]
0.9497887268097336 [FORMATTED]
[[[-1.70388865,  3.91235804, -9.86401299],
 [ 8.54271,    -1.75978764, -8.19629627]], [[-6.86252691],
 [-1.91626724],
 [-7.28142821]], [[8.74994052, 3.5584966,  7.68139449]], [[1.19688644]]]
0.9539990224758054 [FORMATTED]
[[[ 4.60243689, -4.86452015, -8.69141809],
 [-6.73216553, -9.86628015,  1.08609521]], [[ 7.00088419],
 [-7.11934433],
 [ 6.59239905]], [[3.12952495, 9.84333602, 4.80073091]], [[-7.80673783]]]
0.9381965337364114 [FORMATTED]
[[[-8.35120333,  1.98644567, -8.2223592 ],
 [ 4.60129482, -0.77481552, -9.29672296]], [[-7.88961198],
 [ 6.73990207],
 [ 3.76299997]], [[-3.68688329, -6.42677283,  9.98026491]], [[-7.50698346]]]
0.9258072758867253 [FORMATTED]
[[[-5.64528514,  7.10631796, -1.82214573],
 [ 7.13907056,  9.58645241, -9.0785191 ]], [[-4.55192726],
 [-2.50940483],
 [-5.12887317]], [[-0.52715601, -5.26391416,  6.53515889]], [[1.88883768]]]
Node 4: 
0.9422419850965748 [FORMATTED]
[[[-8.07608579, -4.46114902,  6.15410503,  6.27366371],
 [ 2.15141605, -0.2229603,   1.40733473,  2.89326878]], [[ 3.79643371],
 [-9.19908173],
 [-2.91633885],
 [ 1.00608578]], [[ 5.57203641, -8.53657726, -2.10019073,  3.11733958]], [[1.17258987]]]
0.9523930926994478 [FORMATTED]
[[[ 4.06067245e+00, -3.69927986e+00,  6.79681913e-03,  7.93904594e+00],
 [-1.27531493e+00, -3.89174400e-01, -6.14910791e+00, -9.10274213e-01]], [[-9.9457778 ],
 [ 4.29854197],
 [ 8.17932937],
 [ 5.73477965]], [[ 5.38536441,  3.32170641, -8.78089747,  8.36401745]], [[3.41988123]]]
0.9424592885105356
[[ 6.32402403  9.62350546 -1.15770377 -8.81015171]
 [ 2.01394808 -7.13096004  9.4046975  -0.45638463]] [[-4.01013649]
 [ 6.09228551]
 [-7.04632391]
 [ 6.54018033]] [[0.35671372 6.51747604 6.9599643  7.86018155]] [[-2.80152138]]
0.9605321106735979
[[ 9.05999051 -1.53817101  5.10755653 -6.56301777]
 [-8.88410938  3.3430836  -2.19812096 -1.90923083]] [[-0.36404019]
 [ 0.27589337]
 [ 8.49379489]
 [ 2.02113516]] [[ 3.89244863 -1.74401532  4.81867793  3.96184228]] [[-8.90125956]]
0.9518460436131511
[[ 9.77922487  8.41869689  2.46496079  5.7351605 ]
 [ 7.07048202 -8.79081013 -8.33975065 -9.67623688]] [[-4.71647763]
 [ 0.35253627]
 [ 9.27219715]
 [-5.0837953 ]] [[-9.29407447  0.94175516 -9.96893798  5.92908679]] [[-0.57385692]]
0.9406991647494312
[[ 0.332716   -1.71654684 -0.63981987 -2.15562303]
 [-1.40465688  6.26534396 -7.1884723   7.3250001 ]] [[ 3.29542827]
 [-8.88301577]
 [ 6.40930248]
 [-0.47943093]] [[ 1.69668095 -7.7548431  -0.45802282  0.86779433]] [[-3.93222685]]
0.935836123594826
[[ 4.85980699 -4.93029374  9.06259744 -7.59444771]
 [ 9.53614922 -4.47803585 -8.48519323 -0.71666839]] [[-0.45869383]
 [ 5.34225497]
 [ 2.24863428]
 [ 1.70143819]] [[ 2.68172127 -9.70722062  9.73291772 -1.90127864]] [[-2.47291035]]
0.9548687937294651
[[ 6.8480665  -2.16224605  0.95056135 -8.09044563]
 [-0.860574   -5.06741672 -6.93997635 -2.90042801]] [[-8.62316036]
 [ 9.3895035 ]
 [ 1.27360598]
 [-7.47175068]] [[-6.3729684  -8.31507392 -0.81721885  4.19293682]] [[6.61513425]]
0.9628881166962792
[[-1.73473568  4.03985596  3.36916975 -1.67476713]
 [-4.80456182 -9.98628601  7.65080233 -2.99770917]] [[-1.57884682]
 [ 4.03923261]
 [-4.64196439]
 [-6.57955034]] [[ 9.14952038  7.31054786 -3.41726962  7.92790956]] [[-0.17981685]]
0.9495976228339433
[[ 3.82943453 -6.9790511  -5.39308102 -6.1152278 ]
 [-6.4902097  -6.82463806 -6.75764083 -9.9716927 ]] [[ 1.06452032]
 [-7.15555028]
 [-2.26963026]
 [ 6.41091701]] [[-8.59190341  0.57146212 -6.30367889  0.43284157]] [[-1.76151168]]
Node 5: 
0.9374970584645631
[[-3.20548281  7.1378656   1.36299706 -0.74498532 -8.07120098]
 [-6.65291871  0.23142095 -9.38442465 -3.97178769  6.24032384]] [[ 3.85384317]
 [ 7.41491304]
 [ 1.10537704]
 [-9.57420203]
 [ 0.66856918]] [[-0.20606685 -7.82933603 -6.58363644  2.63193436  1.78846878]] [[-9.28384601]]
0.9252558952619488
[[-8.86302447 -2.5248755   5.98589463 -8.281237    2.55488381]
 [ 0.20520817 -3.48989553  1.79761545  2.88134075 -7.61468657]] [[ 7.75034221]
 [-0.37949551]
 [-3.1392465 ]
 [ 9.84019564]
 [ 2.89465324]] [[-6.53433882  8.76195607  9.00307502  5.72862749  7.9174321 ]] [[-0.49265157]]
0.9404756340234984
[[-9.29603415 -5.88386965  5.58050735 -4.24446935 -7.39555461]
 [-2.13578034  9.88289887  6.685799    0.7210244   5.26597028]] [[ 1.37632426]
 [-1.70400626]
 [ 8.50863448]
 [-9.33326142]
 [-2.10082784]] [[-5.32199602  7.35924183  7.28252617  8.39537005 -9.37168026]] [[-9.18865167]]
0.9494058302615599
[[-1.08675144 -1.73621856 -0.06659894 -3.7104568  -1.96761935]
 [ 3.39651016 -8.93276837 -9.99486031 -6.18218165 -3.44614438]] [[-9.2080532 ]
 [ 9.2078995 ]
 [-8.74847466]
 [ 9.43161489]
 [-8.57501838]] [[-3.14232214  6.79942274 -7.37337119 -3.53654003  9.33677903]] [[-0.77288097]]
0.9215792345490529
[[ 3.6311395  -7.60402967  5.31412133 -8.32173244  1.23684767]
 [ 2.43032881 -3.69772965 -5.1381352   6.7516741  -5.335238  ]] [[-2.47560323]
 [ 4.7616069 ]
 [-6.00153814]
 [ 5.20961004]
 [ 5.95057174]] [[ 1.16622885 -1.44684472  0.32497091 -4.56084716  9.63396709]] [[1.79137384]]
0.9255320548339719
[[-2.45043741  1.49579089 -2.52524302  8.75492437 -5.5777109 ]
 [ 6.52549618 -0.08852804 -5.87629534  9.09315252  9.6450184 ]] [[-3.90485655]
 [-0.26751587]
 [ 5.9759796 ]
 [-2.05650023]
 [ 4.06113859]] [[ 1.59362658  2.38151808 -1.71423467  8.04231182  8.44632786]] [[1.58246339]]
0.9534695254852685
[[-7.64550356  1.58819104 -7.94942569  5.78128576  6.54020659]
 [-5.81527833 -6.38324301 -4.03138768  1.14653594  0.74827905]] [[ 1.84290008]
 [ 9.97062702]
 [-5.63092838]
 [ 3.71811156]
 [-6.4945042 ]] [[-7.22393869  0.63322552 -8.96686179 -8.03132175 -2.82054119]] [[-7.92620816]]
0.9437470664268327
[[-4.04322639 -1.08210027 -0.61333183 -8.55004421  1.46196948]
 [ 3.76249778  5.33820246  3.73276022 -1.4492036   8.43601936]] [[ 6.14985056]
 [-5.8321203 ]
 [-5.11534114]
 [-2.02999771]
 [ 8.76714466]] [[ 8.64493288  9.93615088  6.92485693 -0.06338514  1.34133189]] [[-9.45024258]]
0.9435343349504499
[[-6.22909828 -3.30640423 -1.94242482 -3.55700447 -8.72420858]
 [-9.05857827  8.45405479  7.8906685  -0.27100471 -9.94399519]] [[ 6.64689632]
 [ 3.0669487 ]
 [-8.02955846]
 [ 3.45275647]
 [-5.31253417]] [[ 1.88167987 -5.27862808 -7.54941584 -2.03179191  8.9021353 ]] [[-0.70764152]]
0.9581935836809881
[[ 0.86236966 -2.22676222 -1.95907871 -4.89253069 -6.6373653 ]
 [-5.45790913 -0.97483293  6.29958003  3.94096628 -7.7621941 ]] [[ 5.00678237]
 [ 5.0890923 ]
 [-8.4219935 ]
 [-4.42086844]
 [ 0.61321529]] [[-0.09819535 -2.30328875  1.95874314 -6.63086704 -1.38502893]] [[-5.68811671]]
