Node 3: 
0.9424592885105356
[[-8.97289148 -4.58074033  6.6032246 ]
 [-2.16413365  8.95572993 -3.91466521]] [[-8.98362225]
 [-6.4822502 ]
 [-9.16690426]] [[ 0.58191915 -8.44254716  0.53668423]] [[8.7245531]]
0.9303449352007099
[[-7.84459638 -5.41363231  0.6427366 ]
 [-4.13516078 -8.77830723 -9.7497483 ]] [[ 4.06502112]
 [-7.40373804]
 [ 5.162551  ]] [[ 8.4315083  -8.61769083 -8.6953628 ]] [[-4.46492087]]
0.9271693937650729
[[ 0.456838   -8.27999491  7.85795057]
 [ 9.28092432  3.94061687  0.55370377]] [[-5.01257005]
 [-9.96261479]
 [-2.44822893]] [[-9.65142109  4.02490572  3.64635939]] [[6.49134744]]
0.9593009464285336
[[ 8.21480281 -3.6530645  -7.57607136]
 [-4.60397927  8.30365627  3.25390673]] [[ 7.89898374]
 [-4.97903217]
 [-3.01280183]] [[6.40659599 4.98788271 0.28577867]] [[-3.29979282]]
0.952934234376813
[[ 0.61322734 -0.96680199  5.7626422 ]
 [-4.10658643  8.22525606  0.54349145]] [[-5.36029367]
 [-3.02876682]
 [ 5.29038913]] [[-4.62426603 -0.10382456  1.2473602 ]] [[-5.17926715]]
0.9433208473038143
[[ 3.16378949  4.52767863 -3.3959183 ]
 [-2.89511786  5.42958784  9.13974411]] [[ 9.95949029]
 [ 1.79090335]
 [-2.70535655]] [[ 6.13413338 -8.05567017  1.02117011]] [[-9.18687835]]
0.9470498085383344
[[-9.38679022  7.53633272  0.49991183]
 [ 3.95242596  5.60926191 -5.72375059]] [[-2.83113424]
 [ 7.59986229]
 [ 5.65273085]] [[-8.88653731 -0.88057083 -1.34956811]] [[-7.86096784]]
0.9476483480563842
[[-9.69687223 -2.69502077  6.23602682]
 [-5.20507162 -8.84302789  6.71561047]] [[-7.68573275]
 [-4.76922063]
 [ 3.4485189 ]] [[5.05192979 1.75470522 4.83916203]] [[3.19488541]]
0.9255320548339719
[[ 3.6574808  -4.70691255 -7.34946899]
 [ 2.85073404  4.18016996  7.12262373]] [[ 3.6882513 ]
 [-7.78259638]
 [-3.44830808]] [[-8.30560387  7.83228933  0.93454892]] [[7.27214614]]
0.8954817364932596
[[-8.17865649  8.52727607  1.46297421]
 [-2.51754701 -4.4317747   1.7646648 ]] [[-8.42109277]
 [ 8.74152436]
 [-6.17708356]] [[ 3.84217626 -5.55669042 -4.55345583]] [[2.87907504]]
Node 4: 
0.9318842406216898
[[ 5.72830713  2.37750204 -8.61107909  4.49197027]
 [-0.83177928  6.88207499  3.38472684 -8.04736831]] [[ 3.46494713]
 [-3.65603802]
 [-9.48750146]
 [-0.66029645]] [[-5.13643524  1.94768901  0.9073277  -8.11810143]] [[3.12171344]]
0.9458332995187639
[[-4.11227867 -0.6111498  -6.17693849 -2.78167458]
 [ 9.75795464  4.71312758 -7.19279154 -3.61603183]] [[-5.6458244 ]
 [ 5.66235288]
 [ 3.6257831 ]
 [-5.38974558]] [[-0.05424976  8.0466082  -6.17794715 -7.58097686]] [[-5.86058419]]
0.8799545671828493
[[ 2.57145012 -3.68458911  7.38761143  0.9613968 ]
 [-2.30798762  1.53152102 -9.17684666 -8.7752825 ]] [[ 6.62158352]
 [-7.89747167]
 [ 7.68286802]
 [-2.6167146 ]] [[-5.64710887 -4.86916155 -3.88203955 -5.55369261]] [[-1.84239255]]
0.9527545066798246
[[ 0.11088453  7.34586043 -5.028229    2.98851277]
 [ 2.89822644  5.43560285  2.94000267 -5.11314845]] [[ 9.90573899]
 [ 0.23129898]
 [-6.5584002 ]
 [-3.66681559]] [[-4.59908119  0.21923286  8.25724828 -7.76697546]] [[5.64850728]]
0.9593009464285336
[[ 7.81912463  5.92882923  3.36133508  0.75289085]
 [-3.52840561 -1.6887492   3.1700999  -7.30202136]] [[ 0.33578467]
 [ 1.18670872]
 [ 3.24447445]
 [-0.37627239]] [[-0.86604671 -2.37798175  9.5752881   9.62417202]] [[-3.77979853]]
0.9204150716097369
[[ 0.2898996  -3.17439496  6.65950483 -8.7552769 ]
 [ 1.21712824 -6.81345049  0.40878397 -4.56344274]] [[ 6.40074507]
 [-5.95760463]
 [ 2.49711596]
 [-6.8565871 ]] [[-2.51859334 -2.38190691 -1.02740414  5.06192772]] [[4.03737101]]
0.9379641916088556
[[-1.34758311 -9.44892982  4.5569935  -9.79334025]
 [-9.74041119 -7.06840457  9.1014967   2.50601169]] [[ 5.53598169]
 [-5.30463614]
 [-2.97073257]
 [-3.79504659]] [[ 2.7013535  -3.83860242  0.29181396 -8.48817202]] [[-3.25761897]]
0.9308615796566531
[[-2.14592248  6.87695821 -1.14973378  7.99805816]
 [ 6.88639751 -7.6917703   9.15519258  6.48343474]] [[ 6.81049852]
 [-6.52138206]
 [-4.48202747]
 [-0.92453369]] [[ 5.35845484 -9.68275521 -0.10506753  8.89036496]] [[-5.97203648]]
0.9268988265776218
[[ 2.17899814  9.8290621  -6.29683317  7.96644753]
 [ 3.70138749 -8.4583624  -2.76700586  8.78951402]] [[ 0.8321461 ]
 [ 0.45150503]
 [-9.26861826]
 [ 9.31139381]] [[-2.88767303 -6.90049768  6.17366073 -7.22161461]] [[0.74211025]]
0.9482404915637136
[[ 4.87527978 -9.20745434 -3.60246251  0.28148494]
 [-6.06425579  5.38287769  8.90361139  4.94169899]] [[ 3.09335861]
 [-2.86810518]
 [-7.82798882]
 [ 7.26666451]] [[3.85289501 0.47392445 5.03220235 4.85770814]] [[-2.86516883]]
Node 5: 
0.9365529285596583
[[-0.28593711  8.56851176 -4.18320717  8.31602874 -8.71917302]
 [ 0.9955338  -9.53332196 -4.74251925 -2.7156243   9.77476097]] [[-0.6396642 ]
 [-7.04082402]
 [ 1.6646243 ]
 [ 5.90533998]
 [-8.10054349]] [[ 2.47295926 -9.37635049 -3.99124182 -4.20147118  4.80990107]] [[4.77828509]]
0.9192351411315621
[[ 0.58318884  5.510061    1.18856735  4.18535588  3.6179985 ]
 [ 3.01962242 -5.21390795  1.72171035 -1.44105304  7.62503264]] [[-9.21430968]
 [ 9.34643895]
 [-6.39344184]
 [ 8.72113409]
 [-9.9768634 ]] [[-3.16362195  0.16823036  1.61141593 -2.49975174 -5.42921483]] [[-3.7661527]]
0.9002495108803148
[[ 9.90240141  4.26081125  1.4927001  -0.93611196  7.10264344]
 [-4.93166712  7.55934913 -9.62232816 -9.57092683 -9.06171678]] [[ 6.58150351]
 [ 8.94439459]
 [-4.4606666 ]
 [-2.03230359]
 [ 6.85198365]] [[-4.83128292 -8.77163655 -4.71339841 -6.38484847  0.28619718]] [[-9.98683875]]
0.9546961022298593
[[ 3.13421789 -2.65451504 -4.95654223  4.77734259  6.70321041]
 [-2.62230081 -4.89859919  7.06293792  6.17152214  7.23005494]] [[-4.22762301]
 [ 8.49295805]
 [-7.93280958]
 [-7.20252598]
 [ 8.49656884]] [[-7.56693494 -6.17902104 -9.6911183  -8.42773234  0.33241541]] [[-9.07887012]]
0.8739120431707974
[[ 6.4188      8.04201256 -8.80902393 -7.48253754 -5.25026335]
 [-9.25955479  0.20704684  0.36549791 -0.72593867 -2.6896826 ]] [[ 3.9262393 ]
 [-8.01819307]
 [-4.78953063]
 [ 6.22483308]
 [ 4.33302908]] [[-3.05600993  8.97674856 -0.0791626  -0.79258359 -5.38549959]] [[6.00473288]]
0.9418050654200673
[[-8.58016785  8.14363553  2.11224153 -9.71325225  8.20667166]
 [-3.56868859 -2.03629731  7.38600299  7.49949046 -8.10313277]] [[-4.25395633]
 [-3.76965145]
 [ 0.30107804]
 [-5.07606057]
 [ 7.28953348]] [[-5.38560092  3.67903702  3.79878129 -5.1716698  -0.39983971]] [[-4.28337965]]
0.9439590440505515
[[-8.66825686  5.54103892  1.30600387 -9.05949982 -4.63756923]
 [-1.66360375 -7.26515002  9.00512015 -9.18971553 -0.96035728]] [[-7.22170899]
 [ 7.55811046]
 [ 5.59350015]
 [-9.54417345]
 [-9.83119475]] [[-2.11723136 -5.97428005 -6.05039552 -1.77725722 -0.17883333]] [[-0.30329433]]
0.9494058302615599
[[ 7.44873931 -1.99423241 -1.35257242 -2.44832688  6.89313063]
 [ 2.92684544 -7.87386363  8.25291821 -7.89370473 -9.11741891]] [[ 1.78830333]
 [ 1.54800995]
 [-9.78871729]
 [ 2.71630458]
 [ 8.51922711]] [[-5.85742329 -1.3708747  -0.40114577  5.95990912 -6.24893223]] [[-2.72602689]]
0.9402513142296515
[[ 1.44624868e-03 -9.44484043e+00  9.49339638e+00 -9.39746565e+00
   7.71113385e+00]
 [-4.70889053e-01 -1.23052622e+00 -2.50645054e+00 -9.62041814e+00
   4.35322873e+00]] [[-4.13972118]
 [-7.18737274]
 [-1.11818773]
 [-9.72002226]
 [ 7.63866418]] [[-5.90103947  1.30452704  6.75606324  8.5914261   3.37309047]] [[-3.12427833]]
0.945007705187609
[[-3.17665454  6.18237316 -3.38397898 -9.13168983 -1.83453448]
 [ 3.51367927 -3.62610376  5.63705369  2.58906068  6.46026839]] [[ 5.10596598]
 [ 3.24445904]
 [-9.23432475]
 [ 0.86575582]
 [-2.15848176]] [[ 7.24157148  7.71783955  6.01132686 -5.01941351 -1.47911984]] [[0.13020692]]
