Node 3: 
0.9326420163043319
[[-8.45961016  6.03292007  9.1377457 ]
 [ 4.19227208 -9.34672176  5.68959413]] [[-4.41746947]
 [-7.70091883]
 [ 6.84069726]] [[ 7.38734558  2.95898817 -3.22050353]] [[1.41642277]]
0.9381965337364114
[[ 8.13649183 -7.75207734  4.52776438]
 [-2.87640017  4.31878122 -2.59365186]] [[-1.41075301]
 [-5.23563826]
 [-0.29365356]] [[ 0.97839857  1.89546898 -2.1819566 ]] [[1.30198476]]
0.9379641916088556
[[ 7.17707033  0.46465611 -7.6630092 ]
 [-6.10615895  6.46743771  1.75006025]] [[ 5.4728461 ]
 [ 6.25873385]
 [-6.62936489]] [[0.83442298 1.97629215 4.51000021]] [[-6.64447728]]
0.9198270878271877
[[-3.64246042 -7.231592   -5.17693788]
 [ 0.3670914   6.54686743  3.61848578]] [[-7.89722862]
 [-7.45722109]
 [-9.85025301]] [[-2.70216337  2.96910872  3.52480556]] [[7.73667194]]
0.9522114022008841
[[ 9.90330468 -4.38880634  3.52134424]
 [-2.65006639  9.14340356  7.19991689]] [[ 2.57911106]
 [ 6.28772594]
 [-2.36612789]] [[-0.8625896  -7.27144278  6.14104882]] [[-0.4165411]]
0.9555533073919635
[[-0.21322447 -8.09632274 -3.61410699]
 [-3.18188603 -7.23231715  5.2810591 ]] [[-5.88431065]
 [ 2.58909274]
 [-4.21035771]] [[-7.9638901  -7.495218    1.48153271]] [[1.37644371]]
0.9462417020573308
[[ 9.61455018 -6.51521007  2.43134068]
 [-7.45317758 -5.12412035 -0.4138133 ]] [[ 4.90940414]
 [-5.16130883]
 [ 6.01668475]] [[-6.68023887  3.23944851 -1.44707416]] [[-1.67013824]]
0.9685682371644038
[[ 4.02140196 -9.54001826 -2.99138077]
 [ 2.91662926  6.55484531 -2.6308784 ]] [[-0.05507971]
 [-9.97942402]
 [-8.85867942]] [[ 7.74865223  4.88637913 -2.8361382 ]] [[1.59826193]]
0.95787193726686
[[-6.44997328 -7.46001082 -2.80226886]
 [ 6.19947319  7.28847321 -2.68981816]] [[-2.92791293]
 [-4.58391337]
 [ 0.6591753 ]] [[8.42659228 3.79762755 7.3128059 ]] [[3.93871623]]
0.9384280627980626
[[-2.06576635  1.06760489  5.95483828]
 [ 9.41708857 -5.23955931  5.23555102]] [[ 0.81968696]
 [ 4.91468858]
 [-2.6103798 ]] [[4.07176243 5.37465775 6.45372281]] [[-3.68249171]]
Node 4: 
0.9201215737671476
[[-6.9215102   9.79762488  8.77897747  3.99135897]
 [-7.30853484 -4.71947324  5.69075008 -3.6956666 ]] [[-9.00102031]
 [ 0.17597068]
 [ 0.99188529]
 [ 6.35659978]] [[-8.58961748 -9.11442263  9.49420149 -1.23062469]] [[-6.67010376]]
0.9516623712800949
[[ 0.99150486  0.4738443  -8.28862933  4.92797296]
 [ 1.88327962 -9.94517853  5.44490911  4.20180195]] [[-4.58982207]
 [ 6.20948807]
 [-8.99091963]
 [ 9.0091138 ]] [[ 3.48533833 -7.78642389  4.67325572  1.14292814]] [[2.44155435]]
0.953823163801254
[[-9.32226969  5.05065217 -8.64412811 -7.03723067]
 [ 2.00495027  0.97321363  5.63079263 -9.05023124]] [[-7.9751458 ]
 [-3.07554523]
 [-9.91056287]
 [ 7.08668372]] [[ 5.03301546 -7.53645665  3.01913686  8.23515531]] [[-1.21966934]]
0.9492133469067291
[[ 6.70869696  1.19832012  9.97069728 -8.79067002]
 [ 9.27742434 -3.49912103 -2.89584573  1.99525719]] [[ 1.13943633]
 [-4.00510749]
 [ 7.54100788]
 [-0.20213847]] [[-8.67563255 -6.7148957  -6.21217199 -9.29135975]] [[-7.21718066]]
0.9290376624773262
[[-7.89822029  0.59411335 -6.75469159  5.22870829]
 [ 2.76292913 -8.83176728  7.37644492 -5.62526987]] [[-4.09259148]
 [-1.97254653]
 [-8.81797262]
 [-7.62202119]] [[-1.84507723 -4.723136    4.25112464 -9.19735462]] [[6.13826438]]
0.9597668844552888
[[ 7.79899307 -6.0676839  -6.97916744  1.94744612]
 [ 3.29740883  2.74264563 -1.68166827 -7.53224774]] [[ 3.66663881]
 [-9.85202805]
 [ 1.0294255 ]
 [-4.79459153]] [[-4.76258894  3.282362    0.00915528 -6.58031081]] [[4.22959068]]
0.9575479258364805
[[ 4.70384275 -6.14075245 -6.10575022 -2.76251453]
 [-6.67131519  9.59201866 -1.75726116 -5.81533108]] [[-5.98411898]
 [-6.28432092]
 [-3.10307398]
 [ 5.14840025]] [[ 6.53736597 -4.19719116  2.40097522 -4.14471571]] [[6.5929787]]
0.9691714403629892
[[ 7.62045686  3.83366161 -8.89407243 -5.4981405 ]
 [ 7.29516377 -8.28270998  5.80540903  9.10476233]] [[-6.78653695]
 [ 3.02163196]
 [ 0.99494364]
 [-3.27418858]] [[ 7.26287425 -0.24173639 -6.33765616  4.15197288]] [[6.88637755]]
0.9374970584645631
[[-5.80163617 -1.63210039  8.97879154 -8.90342982]
 [ 1.91084148  6.82841141 -2.19134867 -9.23780988]] [[-7.45017516]
 [-4.15933763]
 [ 8.44412077]
 [-0.11364797]] [[ 1.46918805 -9.69079071 -9.64067571  2.7000989 ]] [[0.30028877]]
0.9428915942076246
[[-1.04128431 -2.6319044  -0.77602311  3.23357563]
 [ 6.90726658 -1.04223186 -1.30221872 -4.72692436]] [[-2.87152479]
 [-6.7023931 ]
 [ 3.30179293]
 [ 7.11774024]] [[-6.91659334  5.92497752 -1.32007799 -1.67137931]] [[1.56854662]]
Node 5: 
0.9546961022298593
[[-3.09787555  0.78745579 -8.7815736   7.59797627  2.35475387]
 [ 4.99704979 -9.59181329  6.51806651  0.76037528  9.9149235 ]] [[-2.96275646]
 [-6.45618855]
 [-4.06260586]
 [ 8.50653419]
 [ 5.45655171]] [[ 2.25212577 -3.07012743  2.38986264 -4.85854899  2.56386754]] [[-4.25892273]]
0.9422419850965748
[[-1.04688324 -7.15348171 -9.93537651  5.45930365  2.90671794]
 [-8.51134553  8.76268495  6.64078048 -5.03046301 -5.36675403]] [[-5.32342667]
 [ 0.61658814]
 [-3.68642257]
 [ 4.24385158]
 [-0.83925921]] [[-9.75236601  2.91994727 -3.94061957 -3.26569807 -3.96055841]] [[-2.64433191]]
0.9263549127742439
[[ 7.22638316  8.13826964  0.11133921 -9.32838352 -7.68170492]
 [-8.60020591  9.73214461  6.34152641 -5.08352302  4.11997707]] [[ 4.99090981]
 [ 8.48857989]
 [-0.07090179]
 [-1.57918144]
 [-3.40889685]] [[ 8.93288351 -8.70953699  2.19267266  9.62675786 -5.32132877]] [[-8.02427475]]
0.9573850283377755
[[-6.7624771  -6.23178454  5.60851086  2.02134263 -8.11929663]
 [-7.40670036 -1.39955466  6.47537713 -9.23493815 -2.75806725]] [[ 6.54308823]
 [ 9.6881349 ]
 [-6.34035712]
 [ 1.14499908]
 [-4.21084789]] [[-1.11268478  5.7326922   8.41423417  1.04253442 -0.53274919]] [[-4.76553975]]
0.9137258055040833
[[-4.76453909 -5.1726263   7.11496954  2.65539691 -7.98801464]
 [-1.98563111 -9.27306011 -7.24665189  6.68986092 -8.9018039 ]] [[-1.67404245]
 [-3.85207145]
 [ 5.29762168]
 [-4.71068955]
 [-4.18660851]] [[ 1.58116582 -1.54015752 -5.70597053 -2.56225238  5.16907309]] [[4.66938599]]
0.9424592885105356
[[-6.11060731 -8.98583436  3.92877509 -2.4417314  -2.79058948]
 [ 6.7092256  -2.81059589 -1.69185333  5.71778866  8.43922944]] [[ 4.21293894]
 [-6.77395035]
 [ 7.79664462]
 [-6.10173173]
 [ 3.47759827]] [[-7.58611171  4.55479851 -2.93187286  2.32873821  9.92989337]] [[3.5086865]]
0.9543488292155562
[[-2.81484499 -1.2543884   1.89995908 -4.62153132 -2.44084251]
 [-1.66751035  8.51367261 -7.32866452  3.66514604 -3.80022367]] [[ 0.76969195]
 [-7.86820172]
 [ 9.38213236]
 [-0.69817395]
 [ 0.57476789]] [[-2.49077921  5.11645575 -7.33986366 -0.76726886 -1.77063956]] [[7.18029828]]
0.929563269107183
[[ 8.09437617  8.82911311  7.26932339 -8.8769356  -5.73880232]
 [-1.76766567  5.96663352 -6.0677543  -3.50032815  9.23644877]] [[-0.44657807]
 [ 5.08048362]
 [ 4.66802594]
 [-8.89496027]
 [-9.91840394]] [[-2.32476528 -3.56108182  0.60174229  9.35111668  3.70357493]] [[2.82007717]]
0.9525741268224334
[[-8.35290907 -7.91264305 -6.11042857  7.87519201 -4.48186567]
 [-0.4223159   9.60261477 -2.56350043 -7.68535247 -6.15446837]] [[-5.7655009 ]
 [-6.04331592]
 [ 4.78082145]
 [ 1.73538469]
 [ 1.2003785 ]] [[ 0.83984972  4.6741615  -9.50803909 -4.24097831 -1.29912803]] [[3.92704538]]
0.9497887268097336
[[ 0.62544316  5.97657482 -5.42944478  2.19783026 -8.12493634]
 [-4.17549605 -9.09722572 -3.84146768  0.4341486  -4.05294739]] [[ 9.65805785]
 [ 6.51765316]
 [ 2.64113276]
 [ 0.14007872]
 [-8.12765923]] [[-2.62021471  4.8791424  -0.19025268  2.55404701  3.96554124]] [[-5.23344689]]
