Node 3: 
0.9306037023661194
[[-5.35493742 -1.080141   -0.26414591 -1.49213588]] [[ 6.57862352 -4.45754806 -4.52756923 -7.1740888 ]
 [-0.78347476  6.07756381 -0.87923709  5.37270154]] [[-7.22865659 -7.01014585  2.68690414 -1.56516708]
 [-6.80995676 -2.72123236  9.87805891  8.29059824]
 [-4.61635853  6.00943271 -9.78906645  4.52286579]
 [ 9.82282087  4.46018565  2.02416843  9.84350998]]
0.9673273935243036
[[ 5.00488721 -5.04826846 -7.63188173 -7.57718814]] [[ 2.04979767  7.14891785 -0.37240869 -0.91558667]
 [-3.11043747  8.88182393 -8.47463989 -4.21566094]] [[-4.80601941  0.0453695  -3.66382299  2.80295424]
 [-5.7758553   8.81235223 -3.82236548 -0.85308256]
 [ 6.02747929  8.96347305 -9.07592785 -5.41114689]
 [-3.53989758  2.59727154  4.14393361 -6.77195745]]
0.92215545568493
[[ 2.76959148 -0.02714052  3.19321482 -6.24531456]] [[ 5.15835077  2.33317028  5.68718526  5.11997622]
 [-9.79703552  4.92088061  6.14446704 -0.1583209 ]] [[ 7.62839774  2.30283805  3.93713322 -3.92479363]
 [-9.15425498 -2.43968286 -1.41864499  8.57159944]
 [ 0.82617746  4.44665829 -3.97349316  7.30331868]
 [ 3.14659277  7.84080385 -0.2413662   8.9678042 ]]
0.9501688776914946
[[-3.54824219 -1.95486554 -6.68834525  7.8881799 ]] [[ 5.69959896  5.80757372  0.63371318  3.76518914]
 [ 5.14483477  6.20044708 -4.63836051  3.70230945]] [[-6.40367785  5.75146414 -4.47477745  6.32234932]
 [-7.569219   -6.44820608  4.1811858  -4.82240117]
 [ 6.19962414  1.23060849  5.51506636  1.2986964 ]
 [ 2.18749049  3.41961766  1.61238866 -5.57729485]]
0.9162152257322501
[[-0.09620068 -6.53844029  8.44772665 -0.49543715]] [[ 9.61176631  5.93897159  0.4287027  -7.39566751]
 [ 3.73084511  7.3016251   0.05939791 -7.93460001]] [[-4.64460932  4.96691052 -9.98668366  3.56533333]
 [-6.59140981  3.42767319 -5.3623449  -4.71996208]
 [-3.66081831  9.85378911 -7.17240214  7.07701604]
 [ 0.36097781 -0.53560819  0.15961872 -1.84762899]]
0.9486317302188345
[[-7.14448981  9.98316469 -4.66639258  4.32035168]] [[ 1.00774072 -3.34116905  4.68235045 -6.99679768]
 [-3.95639708 -6.8488471  -2.94988165  4.48263205]] [[-1.95229681  0.2262859  -5.73151473 -3.89501069]
 [ 4.05837033  6.87855255  8.71208465 -7.78136525]
 [ 5.81853736 -8.88347732  9.56005298  0.38366539]
 [-3.91306135  5.682818    0.65467349 -2.00739955]]
0.9271693937650729
[[ 7.48712996  2.51165384  7.39183779 -1.1402258 ]] [[-0.59396539 -4.51847861 -7.60170588 -9.49755738]
 [ 0.97820384  8.3888754  -1.01803889 -8.80329687]] [[-2.49122712 -8.17563269 -7.11331351  5.97902086]
 [ 2.83427947 -8.36962493  7.72585174  0.55443991]
 [-9.82726772 -0.94393684 -3.24430958  6.96919725]
 [-3.48709424  6.70074896  5.26098452  2.49678315]]
0.9146670924864069
[[-4.84367346 -4.77622653  6.94342228 -1.12521451]] [[ 5.29414123 -5.01904706  1.70119386  8.51686291]
 [-4.81299455 -1.88703376  9.11698675  3.75616248]] [[ 1.21380292  2.71333751 -1.44042172  3.23786874]
 [ 9.27338965  0.14820731  6.42672928 -1.93399141]
 [-1.53392313  9.09784308  3.15370958  1.29955767]
 [-5.25726444  6.61085478  8.2759636   9.46618169]]
0.9441702701348178
[[ 0.70545127 -7.76632329  8.75603885 -9.23799862]] [[ 5.42193898  3.92554461 -3.38011615  7.87352531]
 [-0.75120197 -1.12564213 -3.04545902  8.44397304]] [[-9.15611041 -4.80193067 -1.43161023 -3.74622113]
 [-2.74652912  3.7245361  -5.83496913  7.72233941]
 [-7.79774519  1.25418315 -5.97108095 -9.48417068]
 [ 6.56398083  4.27081604 -3.41207564 -4.1078878 ]]
0.9433208473038143
[[ 2.26912471 -0.741044    4.09411242  5.56630568]] [[ 6.38704717 -0.66867848  0.04607226 -1.07321871]
 [ 3.32609628  5.17401524  0.37888709 -5.22496561]] [[-5.21457197  8.57283358 -0.85208898 -8.87730097]
 [-2.18596619  8.94962114  2.9427756  -9.42980767]
 [-3.37551558  3.38223007  8.77995937 -3.71824192]
 [-5.14232889 -6.15526476 -9.23792834 -8.4232158 ]]
Node 4: 
0.1472920196689478
[[-7.63000342  8.80090871  7.82199827  5.56932149  7.25603179]] [[-4.79738217 -1.67772247 -1.84431096 -1.39211338 -5.82451163]
 [ 9.90189412  3.54566104  4.64875403  0.11256888  0.45601108]] [[ 7.64718378  4.06016737 -5.67318185 -1.63838555 -0.26613605]
 [-6.00021596 -9.16351108 -4.01995414 -8.77773226  6.27024743]
 [ 1.7307145   4.6990426  -1.47445233 -8.46830903 -9.07344144]
 [ 3.52998674  3.63418928  5.11483121 -9.86577529 -3.86568283]
 [ 7.63805745  2.60449149 -4.50147047  1.09098974 -0.56573441]]
0.875664557746637
[[-0.71283185  1.20655795 -6.74658606 -3.61822302 -5.00021679]] [[ 9.2311777   4.77467551 -0.1997284  -8.63619747  1.25237262]
 [-2.29743277  5.215554    2.2878977   7.52165706 -8.48089463]] [[ 6.48993927  9.41885947  3.00622812  6.11752817 -4.19887389]
 [-8.97679292 -3.50370228  2.60087772  4.39974766 -6.51730725]
 [ 0.52688221  2.87756452 -9.40118115 -1.21209683 -9.95457361]
 [-5.88515495 -3.6244949   2.28103702  9.32374593  7.26267711]
 [ 3.6534039   5.3961149  -8.81041358  2.69018514  1.07995855]]
0.8965995485417504
[[ 0.96054305 -5.49223312  4.93448992  7.46169924 -5.27198805]] [[ 8.35433115 -3.96736959 -6.77164044  4.87750889 -1.63164129]
 [-9.9049411  -9.64130153 -2.473114    2.80345784 -0.30608847]] [[ 1.96886131  7.17894603 -4.96499749  2.10970532 -7.17843581]
 [ 4.58971941  8.86883193  2.18098967  5.3005324   8.65866177]
 [ 9.08336973  8.01215056 -9.6546087   2.87248107 -1.11354931]
 [ 1.17110475 -4.12105594 -2.46078123 -5.92468914  9.11326061]
 [-5.76436704 -0.41966614 -9.07225227 -3.98564171  9.11625737]]
0.9550408579554229
[[-3.75870965 -9.22788278  6.84754853 -0.04324539 -3.46025651]] [[ 2.29249395 -1.94234144  1.85888886 -9.63719833  3.04880345]
 [ 7.351172   -6.84817419 -9.1568948   3.52716342 -2.9242283 ]] [[-7.47909247 -3.31317414 -7.34578376 -4.06952533 -0.87420099]
 [ 8.5995195   6.69577731 -8.36184873 -9.05905505  4.69934156]
 [ 3.05754059  3.20449411 -3.28676214 -0.85845794 -4.83062923]
 [-9.6495321  -2.94663205  0.62260855  5.80654789  1.9448036 ]
 [ 2.16977484  8.46894466 -7.11471845  3.51733205  9.29923474]]
0.7255179606769019
[[-1.99854383  0.05335662  8.14947575  3.4462228   7.06255395]] [[ 2.8089205   0.66118362 -7.71206104 -5.52836481  6.94595666]
 [-5.78516263  0.42107004 -3.27920563 -5.99559395 -9.29338878]] [[ 5.39474397  1.41713625  9.58425445  7.56161203  4.70373801]
 [ 2.62433322  3.37640275 -2.72028501 -8.49264684 -0.71132476]
 [-2.27756818  9.01275963  3.5184409   2.1018195  -8.22418086]
 [ 2.25951655  2.54560635 -0.15842121  6.64422926 -9.39075368]
 [-8.08335775 -0.73746732 -2.22692847 -9.23268258 -8.29865191]]
0.95787193726686
[[ 3.88259832 -1.9521528   0.80647978 -2.24770596  6.36057996]] [[ 4.58362461 -7.3448547   0.65736613 -4.11765542 -2.00242123]
 [ 4.26765878  6.31587094 -1.81956794 -9.34049226 -7.1751874 ]] [[-2.22100999  1.17985676 -1.73539364 -3.32910186  3.51002001]
 [-1.71774013  2.30138824  5.21938129 -2.08403225 -2.6391553 ]
 [-3.88891801  9.05637929  9.54864803  0.04238493 -8.05713966]
 [-6.8566382  -5.16074583 -2.16480891  3.48146988  9.12023618]
 [-0.42985124 -2.22717904  4.07871096  5.36290608 -9.05578358]]
0.9249787945824464
[[-0.74316151 -9.78420586  3.20162568  4.28881084 -1.11576105]] [[ 7.65090472  6.15132894 -0.60256432  4.43092354 -9.7394541 ]
 [-4.31959169  6.54812642  6.44878186  0.48514968  3.06967392]] [[ 1.37643481 -4.40472543  0.28229879  7.6574901  -7.91883709]
 [-3.24825138 -7.06892952 -3.02449899 -4.26839824 -9.49292002]
 [-2.27824182  1.5275099   5.27279408 -8.71232839  9.0197676 ]
 [-3.64517459 -4.23820565 -8.17805763 -5.97310743 -9.68082523]
 [-3.96127002  2.24928808  6.09394067 -4.52666343 -2.87186597]]
0.9415854444576037
[[-6.12127395 -0.76081899 -6.49039209  4.68184664  9.652763  ]] [[ 3.80851504  1.95914973 -6.94210695  5.4249552  -5.12661824]
 [-7.11857802  2.13356713 -2.1874491   6.8730272   3.58195582]] [[ 4.68299648  4.96332467 -1.55246363 -0.36899604 -5.19574939]
 [ 0.43796223 -9.48388876  2.84324739  4.18248394  3.21119486]
 [-0.59803301 -4.08793767  0.20415853 -9.29657338 -2.75881624]
 [-1.35140163  7.64254655 -6.62362462 -2.92351281  2.16669416]
 [ 5.79022769  8.56526685  5.75500416  6.2594635  -8.86202743]]
0.9588298438601662
[[-4.10692952 -3.38131119  7.68377119 -6.0927831   7.13157478]] [[ 2.14020027 -0.35106471 -3.21342343  7.8223931  -3.61197008]
 [ 4.10632171  9.04426356  3.19553504  9.7299964   7.76481098]] [[-0.63299044 -2.32743809 -9.8159146  -0.43134661  2.039077  ]
 [-1.28943027 -6.3219976   8.76990693  5.07585744 -0.55177416]
 [-4.08676151  2.16671239 -3.71601612  9.21586304 -1.99564637]
 [ 8.6512716   9.74033149  2.32604167  2.18643477 -1.36891348]
 [-9.394379   -0.01405933 -0.82010553  4.25194677 -8.16509557]]
0.9445904769158688
[[-9.40702794 -3.24018652 -7.43707853  8.28020015 -9.47788048]] [[ 2.03821018 -3.06840509  1.88166016 -7.39293424 -5.24333363]
 [-1.99830481  4.15440057  1.99628266 -7.00687317  6.94486561]] [[-1.69163812 -2.70574488 -6.03342727  7.78515297  7.64331359]
 [ 6.06461593  0.67022452  6.78515349  3.49284173  6.9044784 ]
 [-6.59072294  4.0147626   9.62315377 -7.59553527  7.71855963]
 [ 8.30532003 -6.06885738 -8.84966779 -1.83610073  2.95949253]
 [-7.33222074  0.21359725 -8.33081547  7.34936339  3.67015422]]
Node 5: 
0.3626224430183002
[[-0.2848061   0.97907482 -8.47859214 -1.58140376 -7.29250338 -3.60057716]] [[-9.06563889  1.04636459 -1.73083517  9.81638884 -5.36004567 -0.89515798]
 [ 4.40702934  3.50396241 -2.40949616 -5.84989119 -8.44715071 -2.49711685]] [[ 3.23499116 -5.45336984  5.38653837  4.54470583  9.03155695  6.7881971 ]
 [-3.39816653 -6.13656757  7.52861135  0.3613337   6.57710062  6.06380918]
 [ 2.80785666 -8.39805502  8.91142869  9.33950474  0.02175206 -8.82646684]
 [ 8.43172745  6.68560873  0.93670226  0.82346847  2.98597096 -7.45237011]
 [-9.52166814 -2.81162021  0.21828544 -6.32853012 -9.59736169  8.20742169]
 [-7.52443006  4.85279841  8.59222759  4.32692075 -9.93682903 -9.9813579 ]]
0.9247007502046932
[[-8.27686067  0.88865665 -3.29571455  6.4895511  -9.44464809  3.29313648]] [[ 9.5147841   8.01568025  0.4638506   1.26445938  4.34261619  5.51914119]
 [-2.10031243  3.02442914  5.37963315  8.14105716  9.62353698 -7.07338371]] [[-4.84079479  5.77097726 -5.54095373  9.06635033 -4.7929729  -3.10978791]
 [ 4.71764862 -5.54212504 -2.80824498 -7.09229277 -5.3376571   7.40343353]
 [ 3.33594263 -1.0078687   7.2543416  -3.74434529  3.30880808  8.18317916]
 [-3.65877992  3.45312941  7.62236128 -5.47349313 -0.32190825  1.90401835]
 [-3.8834441  -3.95859992 -4.27237425  5.30031501  3.12524172  0.87597193]
 [-1.31655284 -5.930144   -5.29150212 -9.70070991 -2.44048751 -2.10969138]]
0.9568927450589139
[[ 5.87023978 -9.48551169  5.84591476  3.35139585 -7.90174112 -3.4812574 ]] [[-2.9575661   3.10629366 -8.81235673 -3.57400045  0.22808228 -0.83454424]
 [ 9.72449331  4.38566415 -5.34155835 -1.72989012  9.82986965  5.93443753]] [[-3.55096209  9.21285419 -7.77709192  0.13348649  4.40699066  5.09848563]
 [-4.42904036  0.85760053 -5.4001935   6.55649055 -4.29199304  9.07563151]
 [-8.83046693  6.30256187  7.38319546  6.69901516 -2.3165963   0.48806367]
 [-0.73349378 -1.59120149 -0.4440698  -7.96919447 -4.61362768  9.42870678]
 [-4.85164736 -2.79671808 -1.57741162 -9.45928472  7.63754633 -4.11861008]
 [-9.56573198  1.06504567 -4.17974194 -5.63715161  3.87465315  2.85208489]]
0.9411438685026128
[[-0.60766603  1.34793145 -3.49547349 -7.58642872  4.19806114  4.75190047]] [[ 9.42955459 -2.20878716  1.02316254  0.10300714  8.03361427 -6.67092524]
 [ 5.98140867  2.03337549  4.41855123 -3.72897651  2.37898199  4.1831545 ]] [[-8.1101133  -9.6966133   9.52963172  1.96147229  1.2548579  -7.87078246]
 [ 8.83993907 -0.40849813  6.82327742  6.78326673  9.42231664 -0.27691297]
 [ 7.70650028  6.12767045  3.20925961  7.75098116  3.84001726  1.02290839]
 [-3.26038954  6.21459009 -3.9430211   7.3400417   6.64505782  1.01956412]
 [-6.71430645 -7.20312641  6.61037459  8.35777995 -9.48614926  2.0712467 ]
 [-4.70519009 -2.79400591 -9.04804742  7.50782153  3.02111949 -8.43242894]]
0.9162152257322501
[[ 2.11291867 -2.76817765  9.43801418 -2.25147126 -2.50720647  2.42568358]] [[ 9.44220019 -9.56612396 -1.22000974  3.3488016   3.97472639 -3.89252702]
 [-7.26059488  6.96129632 -7.87726935  6.55383026  1.62989664  7.25636404]] [[ 0.21967794  3.67844491  8.13072501 -0.38083396 -7.34563704  0.34604335]
 [ 0.33587585  2.27830773  2.42899708  9.6613448   7.35476586  8.15412774]
 [ 0.53886117 -9.30535232  7.02291392 -2.44764112  6.1038196   6.07970288]
 [ 0.10511024 -3.36382343 -3.16193675 -5.84196197  4.25309758 -2.97002999]
 [-0.54315389  2.47485257 -3.32040451 -7.54289174 -8.55363279  8.22335778]
 [-6.45350417 -3.38859182  4.56277201  9.34284579  3.64522261  2.76566533]]
0.9497887268097336
[[ 7.67847587  4.07924042 -8.72172099  7.37288515  8.73865607 -7.07006292]] [[ 1.87532391 -9.16463908 -5.23184561 -1.24540103 -8.42127777 -5.07248889]
 [ 5.24013309 -0.20081317 -8.49982756 -2.76651749 -0.07552065  1.27275865]] [[-8.61926662 -5.80075791  5.45720376  9.38808323  5.18720922  2.84446687]
 [ 2.03531262  4.7447685   8.53709547  9.3731566   1.54594253 -5.38607961]
 [-0.5104162   5.81648309  8.37953469 -2.11624527  4.65391377 -0.60637261]
 [-4.44400328 -2.37885692  0.91190799 -9.28790865 -3.52037984  0.39070333]
 [-5.52296607  3.46725272  7.28335982  3.45814362 -2.00431181  3.11464334]
 [ 4.01330046  4.11622229 -7.79851501  5.09942394 -0.33416219  7.73265268]]
0.960074666047186
[[-2.46200832 -4.24317505 -3.05328092  1.62653123  4.16347914 -9.01664976]] [[ 1.9153848   1.27221438 -8.51558498  3.6452582   1.40290648 -4.38300144]
 [-3.80395762  5.49878583 -3.01014336 -3.57652875  6.90184541 -6.61365833]] [[-1.24542407 -6.07751793 -4.81165084 -4.67930303  7.14348563 -7.1095822 ]
 [-5.38897439 -0.41190968  0.60985372  6.83033128  0.9362791   9.24726689]
 [ 3.01908301 -5.44221144 -1.61757603 -4.75543401 -9.11270962 -6.88295042]
 [ 2.21972269  5.66604251  0.0310132   8.05286783 -1.68002291 -4.58010559]
 [ 4.77986722  6.78533029 -4.00544164  3.22165818 -2.37169529 -8.37243118]
 [ 7.17075764  1.12846735  5.88138814 -5.60834982  6.5532834  -4.6535403 ]]
0.9255320548339719
[[ 5.06527346 -3.00214883 -6.29139072 -6.07967472 -9.92495413 -0.70515273]] [[ 0.25163656 -0.64337065  7.83400845  2.13947084  2.01200207  1.05852928]
 [-2.28466822 -8.1569502   7.98701833  3.89245677 -7.14149651 -9.565423  ]] [[-7.95541042 -8.17684426 -1.68757459  7.08470156  3.66212033  2.46989032]
 [-7.658257    3.96730629  7.62332419  1.02254783 -6.34818632 -7.8521931 ]
 [ 1.86901148  6.24372583 -9.18262505  4.36335701 -4.04102042 -5.98648696]
 [-7.3950868  -0.73983936  3.89994687  4.53957477 -1.74997373 -8.31410041]
 [ 7.32021521 -6.03560863 -9.3952779   2.57315969 -9.40254758 -9.72372455]
 [-0.0779677   2.20070247 -9.75405344 -1.69665949  7.8370984   8.56357818]]
0.9499791443700949
[[-8.69739842  8.90937486 -0.92641495  1.09660741 -5.56377422 -3.86920095]] [[ 9.94552981 -8.77485622  6.89509015  4.7631394  -7.22446205  7.24649033]
 [ 5.85553267  7.90730093  6.54424623 -8.09533872  2.23297967  1.728059  ]] [[-3.21974025 -2.04901326 -5.74941287  0.07085061  0.42439064 -5.37306413]
 [-4.20709067  1.9457697  -1.33759581 -2.55517756 -8.95547642 -3.54669906]
 [ 7.25271159  4.74220426 -1.43103104  5.0165572  -3.57737367 -5.60240051]
 [ 6.38315937 -5.07389102 -6.89893309 -9.0602218   5.84257628 -9.02952098]
 [ 4.32069903  7.82628935 -0.31829318 -6.94688005  0.82689084 -0.17102546]
 [-1.99331998  3.32654624  8.1194775   5.62854511 -0.45241812  2.78803061]]
0.9520290532119702
[[-6.1949063  -9.68291411  5.00364972 -0.27230873 -4.20120656 -1.68096136]] [[ 1.33808147  6.96679195  1.94721088  0.19684449  9.66211692  1.09645947]
 [-8.67202383 -8.90886734 -2.36969181  5.313152    9.51522439 -8.52481119]] [[-5.41649802  4.03428491 -1.5794361   6.80511676 -9.59827648 -5.19140182]
 [ 6.70629745 -3.33333549 -4.9390154  -5.21675333 -1.93647394  6.17258641]
 [ 0.46771082  1.4367539   3.23739697 -9.79920324  0.34604157 -9.38251578]
 [ 3.00406798 -1.11464036 -1.99350973 -3.08592773 -9.03754143 -2.17051383]
 [ 5.85078278 -6.53850603 -8.21542041 -4.81607658 -9.77878172 -4.21418775]
 [-6.86935393  3.67209288 -1.82823282 -0.58935883  6.18438559  7.55731208]]
