Node 3: 
0.9189376751095829
[[-7.33682745  7.77137217 -2.94814722  8.98156186]] [[ 0.13556863 -7.13006891  4.03728447  9.07961164]
 [-0.10124216  8.51558816  3.60054786  9.57052399]] [[-1.62841014  2.2201335  -6.72852734  6.87911596]
 [ 5.86492431  7.36231793 -1.31718274 -0.69443635]
 [ 7.08499286 -9.90748278 -0.4263289   5.30399953]
 [-9.72935065  2.69501669  9.76723007  8.473776  ]]
0.8897313595943259
[[-9.31759162  3.26017143  0.48362247  8.30654983]] [[ 0.70205736  7.34642183 -9.53003906  8.96474121]
 [ 0.05779186  4.11227582 -7.49017578 -0.09916691]] [[-3.2138649   0.5134484  -4.49523434  0.06506858]
 [-8.66675979 -8.924837    0.14789633 -1.62034126]
 [ 7.67445431 -2.39936153  2.82399633  2.52658884]
 [-9.36752921  5.12283443  8.01301216 -8.51113116]]
0.9207075839835317
[[-4.89829025  1.40983509 -6.86860001 -8.2679955 ]] [[ 0.20419053  2.2861416  -3.69852421  3.62024937]
 [ 0.22326906 -0.86570937  5.95565219 -0.41409301]] [[-2.2386102   0.12664721 -6.57165951  2.64104849]
 [-5.84545039 -9.29927852  5.6505019   6.63754886]
 [-5.13062124  2.46943955 -9.99618196  0.72341821]
 [-5.14521797 -4.582841    9.07329254  2.68602231]]
0.9415854444576037
[[-8.56950708  1.76559595 -2.67776554  3.45836859]] [[ 0.11080154  5.73114602 -2.93844284 -7.07847409]
 [-0.09898795  2.43418783  6.69432395  2.74302049]] [[-1.62797058  9.34368759  5.45687972  6.3933987 ]
 [ 0.29485528 -9.69796356 -0.7201496   2.70802309]
 [-5.72442077  3.44946771 -5.74864894  9.29007437]
 [-1.71806983 -8.7287163   1.34297984  6.14880219]]
0.7844855175443655
[[-3.35153951 -3.07835284  0.95846923 -4.52756814]] [[ 0.45499097  9.6301214  -2.615024    5.70770317]
 [-3.92937549 -7.9266561   4.26320383  5.58592559]] [[ 8.00951639 -4.93659733  9.50710373 -0.58480556]
 [-5.23170933 -4.37895052  9.684509    1.55857203]
 [ 6.94603249 -0.0525818   3.5557374  -9.07475317]
 [-8.0120489   6.39167407 -7.86978745  6.6265664 ]]
0.8407742249741753
[[ 0.17738235  8.52208067  7.42242693 -4.12084147]] [[ 0.14990961 -2.8229335  -2.74690464  9.46256396]
 [-0.0325936  -9.38938684  1.6077658   0.25517155]] [[ 0.03707213 -9.55629997 -6.54073128  6.7030585 ]
 [ 8.58467891  9.37077446  6.80767678  1.67400981]
 [ 2.68118257 -2.40570858 -3.06927943  4.80467273]
 [-5.04450234 -9.19233641  4.33553121  2.1475412 ]]
0.7797139169206128
[[-8.66210249 -3.43370453 -1.47464967 -9.17985489]] [[ 0.2132068  -9.98162421  7.52575567  5.16992112]
 [ 1.5208795  -2.12912409 -1.67787705  0.9498482 ]] [[-6.43887801  6.25466988  4.15304944 -5.94740565]
 [-1.03203052  8.79623092 -7.31949179  0.11246613]
 [-2.87525296 -5.41508235 -2.87610616  1.95996781]
 [-7.37058063  1.39527602 -1.85188701  6.08619163]]
0.8053384164084221
[[-4.86970714  7.66123146  2.82234675  0.03721883]] [[ 0.16811084  2.94570609  2.53940889 -6.50056185]
 [-4.04975268 -3.38774925 -2.82422888 -9.25205602]] [[ 8.49008849 -5.50932698  6.16401108  7.25309226]
 [ 2.47905254  3.29311781  4.84773915  8.99750851]
 [-0.20177254 -8.30509947  5.20938369  9.32326645]
 [ 0.44123489 -2.94563823  4.35200236 -5.49871425]]
0.8181703043282565
[[-4.59883483 -4.62297779  0.57250613  2.44095563]] [[ 4.33405004e-01  4.01556382e+00 -2.58381593e-01  3.90391898e+00]
 [ 3.04094594e-03 -3.39746066e+00  6.73501358e-01  5.70915488e+00]] [[-6.48151129 -3.46695923 -0.37605196 -1.37554271]
 [-9.54682006  7.37882702  9.65987126  1.68098784]
 [ 6.43514445 -2.87690179 -7.31469471 -1.82047617]
 [-8.97382565 -4.31516641  7.99642095 -4.47870458]]
0.7858349830425586
[[-7.26779899 -3.35736608 -9.9366598   2.1668008 ]] [[ 0.73013352  9.94264127  5.91806246 -1.57029507]
 [-0.12729215 -3.62297884  5.42967688 -4.7958147 ]] [[-3.12263559 -0.05789258  5.56542131 -5.97209765]
 [-8.34556897 -7.00517773 -2.08855878  4.01435559]
 [-2.8028389  -8.06010355 -5.64145459  3.48321517]
 [ 1.53499193  3.76844888 -2.770365    2.08440261]]
Node 4: 
0.8799545671828493
[[ 0.01508051  2.54762831 -7.41633253 -3.57413913  7.73435964]] [[ 0.48041624  5.26768197  0.85040289  2.6503193  -9.53377589]
 [-0.41870428  3.24079823 -6.30838742 -7.05046219 -9.1016088 ]] [[-1.38552591 -9.38004863  2.31191154 -1.26530039  0.56454654]
 [-9.8632062  -7.1328354  -1.29600253  1.11908925 -7.78283099]
 [-7.30808042 -2.4420721  -4.91342769 -7.59842873  5.8827098 ]
 [-8.74914331  6.53905381  2.2164809  -7.82368468  0.71894005]
 [-3.34782479  7.57239393  3.71712418 -6.05071499  2.81974445]]
0.8924485953804164
[[-8.53091645 -8.15350029 -5.09321743  8.09538157  5.62827672]] [[ 5.94083027e-04 -5.54195477e-01 -9.05072013e+00  8.56988017e+00
  -8.89944757e+00]
 [-4.70604424e-03  9.40671100e+00  4.60691068e+00  2.85274302e+00
   3.38975770e+00]] [[-8.1492772  -6.38156037 -7.46693517 -9.96699163 -2.17044466]
 [-5.19231707  8.2515853   9.61911217 -7.18538489 -5.33393328]
 [-8.79735466 -2.13342061  5.2564871   6.48218813 -0.9155693 ]
 [ 8.05939928 -2.81472024 -4.201003    3.69334312  5.51343735]
 [ 7.96744158  9.58179517  3.37876998 -3.0900869  -9.92180947]]
0.9140406079482077
[[-8.70700169 -7.68269133 -5.73800889  2.28639073 -2.71422392]] [[ 0.44868656  1.59190437  1.52366698  1.25271017  9.4779968 ]
 [ 0.29014861 -5.19089967  7.20408278 -9.63298965  8.83304213]] [[-1.83510365  8.32864313 -0.06828086 -0.90853976 -7.36328921]
 [-8.48775212  7.06188021 -3.20387084 -3.96161134 -0.34465157]
 [-6.6608555   8.19168084  2.92613342  6.88762204 -0.52668211]
 [-3.20809812  7.53700838 -7.31262498 -3.22754952  4.26103233]
 [-8.8244741  -6.00081287  8.39211406 -3.4400244  -1.67056643]]
0.8028178609982396
[[-9.31977566  5.41875793  4.26251912 -8.22429088 -8.13176386]] [[ 0.35376025  7.63777729 -7.69920511  4.79401209 -3.39679708]
 [-4.56988763  0.53564535 -3.29840333  7.12406172 -7.10550997]] [[ 8.54559183e+00 -8.61331208e+00 -5.75566782e+00  2.02341276e-01
  -8.82484651e+00]
 [-2.26260147e+00 -5.21865244e+00 -2.77981736e+00  9.46061514e+00
  -3.70114007e+00]
 [ 6.09192752e+00 -3.13651240e+00  5.64298446e+00 -6.35891166e+00
  -9.48826162e+00]
 [-4.41853569e+00 -8.25217442e+00  6.45211606e-03 -4.61651050e+00
   9.35359833e+00]
 [-4.98253044e+00 -9.77664909e-01  6.70436403e+00 -8.93855084e-01
  -5.17173385e+00]]
0.9020311957024459
[[-5.53543908  7.8370042   8.55758256  8.11070969 -8.27920584]] [[ 0.75466312  0.55957698  0.73188446  1.48058742  3.19812054]
 [-0.26346875  4.25233997  3.19797154 -4.57745898  5.37025466]] [[-1.93469797  1.10792834 -6.33446417  3.14671022  6.91727888]
 [-7.9952194   0.22702152 -3.97914569 -5.1440008   4.10875068]
 [-6.3139376  -0.74301718 -5.84084067  0.65511155  4.89252618]
 [-0.56367812 -4.68664682 -1.06468734  8.52618075 -8.4445241 ]
 [-7.77998995  0.23182905  9.17307876 -9.39842271  3.51380582]]
0.8072127476700125
[[-1.98922993  4.6030945   3.68513225  4.48719471 -1.79011768]] [[ 0.09418976 -2.5490158  -3.76221333 -8.37446509  0.60554283]
 [-0.64138718  4.88045964 -5.42428426  9.84487086 -4.16272157]] [[-3.87362122 -1.28295019  6.46638488 -8.8584632  -6.64108321]
 [ 1.74628852 -9.82486474 -6.31935614  4.01259801 -4.91165556]
 [-8.99188746  5.4476483   5.67879343  5.4096847  -7.57451498]
 [ 4.11566907  1.26166321  6.58651372  5.90748193 -8.56198521]
 [-5.08403864  6.57412116 -3.0972923  -6.48403404  7.89389716]]
0.7517560616281556
[[-5.17243013 -9.14323917  7.54327156  3.74532829 -3.31664268]] [[ 0.26725639 -7.94375445 -0.16924207  9.1502945   4.67411024]
 [ 2.82618053  2.14704556 -0.62118291 -4.48794425  8.41169488]] [[-9.3325093   2.32192604  5.61796944 -9.67206641  7.78458659]
 [-8.16995988 -3.74877721 -5.80026449 -0.83203015  3.79576629]
 [-2.91905059  7.51371691 -4.39411896 -4.66311226  9.11849792]
 [-9.25053615 -3.68653204 -1.66568838 -0.89267579  7.57234548]
 [-8.09525255 -6.18335345  9.81188007  8.55275347  0.03987056]]
0.867151002245496
[[0.26925833 6.56398653 6.95041472 6.07626073 7.49179246]] [[ 0.12026947  5.38013817  2.48812612 -0.39344359  1.94244689]
 [ 1.06313922 -3.30727183  0.29702843  9.89135155  1.12864567]] [[-3.32834278  1.65305894 -3.30042679 -8.66243549 -9.82143627]
 [-1.99161048 -3.00421559  7.72076884 -8.4262466  -7.27066624]
 [-1.62688705 -5.73680667 -7.55364115  4.32779702  7.20864875]
 [-5.00971355  9.63938084 -1.29988143  2.81740598 -6.89916055]
 [-6.06126824 -6.7855919   8.79285885  8.82331124 -3.37485267]]
0.819948704865942
[[-9.23003555  6.74859888 -4.10661607 -4.79885288  4.04560484]] [[ 0.97377919  9.57972154  9.31524166  9.18643961  5.98533314]
 [-0.3179554   9.95965532 -1.58217602 -7.87137776 -2.46675281]] [[-4.37917133  5.12722462 -6.30581043 -0.9653158  -5.94857478]
 [-4.73758745 -1.54300076  1.72228265 -3.95173031 -0.32984361]
 [-5.34628526  7.46738235  5.53632567 -7.95643289 -3.35361287]
 [-0.37127558 -3.13778279  2.79125109 -3.28970417  9.89491215]
 [-8.16734871  7.56492855 -7.43163453  5.77066397 -7.09743593]]
0.7790261077798122
[[ 8.79669472  0.98423459  1.13767117 -3.76411387 -7.66252052]] [[ 0.04726943  8.03815402  0.89180802 -8.53782139  3.91055742]
 [ 1.02478831 -4.50007691 -9.92278919 -7.1822979   1.51586048]] [[-3.57028047e+00  7.18617836e+00  3.37142262e+00 -5.15375169e+00
  -7.43781495e+00]
 [-6.11223090e+00  8.84160795e-03 -9.95377356e+00  9.94133826e-01
   6.61233469e+00]
 [ 3.82439919e+00 -7.97712222e+00 -3.15822097e-01 -4.55193041e+00
   7.94765965e+00]
 [ 5.26012014e-01 -8.26157105e+00  5.32826120e-01  3.14781664e+00
  -7.85379546e+00]
 [-9.19618073e+00  8.75067231e+00  3.15452937e+00 -1.37481815e+00
   4.55587003e+00]]
Node 5: 
0.9201215737671476
[[ 2.58846108 -5.50527776  0.36037283 -1.10622465  7.46988531  9.16622939]] [[ 0.52198203 -4.80619134  9.4222634   6.87257374  0.92857956  1.74349136]
 [ 0.170845    5.77051934 -6.87180335 -7.63013208  7.15890764 -3.4538191 ]] [[-1.86686214 -9.75692134  3.74273232 -4.20575563 -6.56361857 -6.43410464]
 [ 4.00830253 -3.42944684 -5.8777588  -3.95962814 -3.45271297 -2.74961185]
 [-8.99131786  7.63678947 -9.17503889  7.13512279 -8.3374346   0.61471306]
 [-4.97357358 -9.67342613  8.24963586 -7.72028045 -9.73053267 -6.47421845]
 [-8.95780613  4.51822986 -9.12152849  2.26519044 -9.90773917  4.75139786]
 [-6.19323263  2.2476187   0.82052591 -8.84464953 -1.73383017  6.70273641]]
0.879531386481822
[[-9.05365628 -5.12986594  2.27229488  3.33141371 -3.42340136 -1.3175194 ]] [[ 0.56409543  0.92112832 -7.3722967   8.80256931 -2.75950544  1.20469412]
 [-0.03668285 -3.12127897  1.30635347 -5.65616089 -7.56971607  8.00865573]] [[-1.41687884 -2.24959788 -7.35395252 -1.06946195  8.54833521 -6.59341297]
 [-0.29056495 -1.69534068  3.56189379 -2.48094533 -2.54867971 -6.92167913]
 [-1.48850742 -9.94341983  7.56894902  7.79833538 -3.30596142 -4.37140781]
 [-4.24945177 -7.13514958  2.70772729 -1.75741636  2.61186059  1.0731507 ]
 [ 4.21699762  5.70754486  3.92461335 -2.19987681 -8.39266849 -1.53845025]
 [-6.00198714  5.51955471 -2.13486158 -3.61816977  2.00623945  2.21652465]]
0.8634210939295217
[[-6.6811968   0.58003163  1.42150971 -5.43375569  8.25535888  4.61421865]] [[ 0.70862052 -4.50327122  3.75175539 -9.15779962  7.91533053 -8.55087408]
 [ 0.2427853   3.30440919 -1.64973244 -8.10566825  3.61364307 -6.66711693]] [[-2.65002011 -7.67590916  4.44332903  0.61264177 -7.19465774  8.10087522]
 [ 0.0234341   2.80760798  2.61112731 -0.58093772  4.81264036  3.91473018]
 [-9.07593235  1.20784204  0.51360748 -7.04170706  5.12479181  8.65241273]
 [-6.30013749  0.19281728  8.60640177 -7.55952921 -6.55676555  7.19540246]
 [-9.18996997 -3.82413399  9.55399515  9.77203562  0.074214    0.54080476]
 [-2.32424143  2.92993788 -1.27336503 -0.7205192   9.91390995  9.55046489]]
0.8386205614691202
[[-9.98386645 -4.78752078  8.44208062  4.44831488  1.92813685 -9.75219409]] [[ 0.44799787  5.03693953  5.04286139  4.15932183  5.17890209 -3.69298259]
 [-3.23854342 -7.11081168 -8.91312252  0.77012826 -6.46512445 -7.12469057]] [[ 6.35989829  8.30998125 -3.4623505  -6.62272832  5.89594273 -5.29292217]
 [-4.3021998  -8.15184995  3.83544786 -5.20932622  1.71778836 -2.07915111]
 [-5.34108182  0.53316563  9.19596568  8.57169149 -9.52682584 -2.99149689]
 [-3.38738966  6.65507414 -9.34650211  9.64046455 -3.92415024  7.37981653]
 [-8.26144036  8.3717716   2.45934922 -3.38588448 -4.12931631  9.63397769]
 [-9.7486109   5.59782809 -0.68356598  7.60787134 -6.8792865   7.25131863]]
0.86056612703835
[[-9.74165336 -4.47238586  1.28843489 -4.78058611  5.29134627 -6.22999174]] [[ 0.90376099  5.21558981  1.74804875  2.21266334  4.2664704  -8.29591306]
 [-0.66564453 -3.61301454 -4.8284822  -9.77057298 -3.60256684  4.28081129]] [[-5.40381593 -2.45084233  3.009753    4.38390609 -8.61478161  3.16736713]
 [-5.04508946  5.23239782  3.78119868 -5.80265146  1.45831853 -5.75890719]
 [-9.93197527 -9.37803527 -8.12878877  3.79311037  9.77763831 -9.41606672]
 [-5.44619284 -7.67376753  4.95370582  9.0316231  -8.7756888  -2.35251281]
 [-8.92834738  5.49930801  8.8158783   0.72970848  5.64070851 -2.64737959]
 [-4.82007065 -5.10985439 -1.67598345 -2.69663377  2.00812567 -3.3142225 ]]
0.8257786295396119
[[ 1.2809767   9.6876874  -0.48975867  3.07363726  7.84140602 -1.15113383]] [[ 0.51004507 -1.05300801  5.09998116 -2.9007171   5.10396678  4.36415941]
 [ 0.05817883 -5.71100013 -4.79136066  2.9190167   8.90137071 -6.14006583]] [[-2.33194497 -5.91097952 -9.85106179  7.10084014  6.54092228  6.29108252]
 [ 4.95653426 -3.34515355  9.19834725 -5.34451518 -3.46511459 -5.30230024]
 [-4.96974787 -5.35834185 -4.1456887   8.67153469  5.40956955 -3.89245611]
 [-6.32850898 -7.60566921  9.59995021 -9.1860625  -0.48189583 -4.71058718]
 [-8.2037251  -4.26924201 -8.2499384   5.67054314 -1.38700361 -5.09745053]
 [-3.79597561  0.22742142 -7.64239995  2.81725719 -3.08656962  0.49051973]]
0.25124185247230446
[[ 4.85883579  8.36572993 -2.57789493  2.90039665 -4.44048467  5.47633647]] [[-0.13810398 -1.98307408  5.75032772 -6.71177286 -4.1259444  -6.84275138]
 [ 8.774903    7.44709146  6.85736664  8.97200178  0.02939765 -6.08736283]] [[-7.37380367  6.28221529 -1.90564233  3.92966318 -5.07651483  8.05676597]
 [-8.94729874  9.59784536 -3.12442098 -5.21124335  5.97357797  0.35683573]
 [ 2.49634986  4.89434158 -1.41529943 -5.85826196 -2.35137191  8.97707703]
 [-0.81253006 -3.08058505  0.71376406 -8.43332833  7.84597913 -2.30541009]
 [-5.01662151  1.71234324  0.58693162  5.04634814 -1.4092256   5.89439239]
 [-5.74228032 -2.37863253 -8.21520016  6.33900979  4.50682358  8.27612708]]
0.7810849226908844
[[-9.99541026  4.13251434 -5.48137588  1.57733135  9.60011731 -5.46833968]] [[ 0.29734682  1.47916722 -1.42093946  3.1939002   3.83251208 -2.01991575]
 [-5.30478045 -7.79201692  6.58897962 -2.74413414  4.32334065  2.67283943]] [[ 9.48249748 -8.40076539  9.77846447  6.26236936 -3.72236162 -0.75655951]
 [-6.43259753 -0.03515503  8.87206922 -7.44490904 -1.23504379  8.27574236]
 [-8.64606463 -9.90813363  5.78157622  6.46218163  1.21531097  3.65109386]
 [ 0.38941016  9.85256274 -3.40655875  8.00081278 -9.30037115 -3.80218351]
 [ 7.69556969  8.6488483   9.53957455 -9.6316071   9.8066888   7.90161601]
 [ 2.72736352 -3.92745923  9.93888528  9.56397838 -5.68024223  3.14352132]]
0.8364434345496531
[[ 7.46899015  9.76678105  8.13252499 -4.05157693 -8.44925876 -6.9412062 ]] [[ 0.32610612  6.02035017  4.26723596  1.75003845  3.41399977  1.25513194]
 [-0.14194287  6.55706288  7.8871159   1.96539951  4.87969538  9.11442409]] [[-1.61060788 -3.13738968  8.49900049  6.23141729  4.74545834 -6.4424567 ]
 [-8.65545206 -0.92373524 -4.17579806  3.47562188  6.75182536 -8.15988912]
 [-5.89726972  3.7973014   3.47226407  4.89265327 -6.77067783 -4.18630107]
 [-4.07119244 -2.04037664  7.46642432 -4.62925652  7.61704371  4.35185652]
 [ 5.21315823 -3.84579385  9.24270393 -5.23338917  7.99330448  5.37941545]
 [-3.47414424  6.48338397  7.57288349 -3.31530578 -1.60939712  9.76776295]]
0.7911712658051693
[[-7.19828572  6.43003054 -9.86876224 -9.26797635 -4.10271222  3.91219496]] [[ 0.28650178 -3.42513913 -1.26085363 -8.17123652 -7.12247535 -4.69857896]
 [-3.60734002 -2.24125335 -5.85674722 -8.35183896  6.78081917  4.36325909]] [[ 8.09278998 -7.08063926 -1.95396577 -9.75267676  7.58889442  6.84985636]
 [-8.25680054  0.87022673 -5.61383872 -3.73729094  7.40260974  8.04538129]
 [-0.43950114 -2.80071045  1.86729309  6.05614235  1.14534479  3.73106555]
 [ 5.50088823 -6.10351624  6.42653093  4.19207016  5.67114919  4.63821928]
 [ 5.30944356  1.73518893 -3.43998903  8.18842939 -5.55156305  9.82047485]
 [-9.2296502   9.67221146  4.11563362 -8.68870735 -7.74735872  1.99894835]]
