Node 3: 
0.9303449352007099
[[-2.06328447 -9.24508584  5.97931639  4.70705059]] [[ 5.9818043   3.60547783  4.1778959   3.45358601]
 [-6.44423528  1.6288182  -7.79848387  4.63465052]] [[-4.729818   -6.58856417 -2.34027465 -1.88430899]
 [ 0.34092868  7.45954128  1.50863113 -6.52512296]
 [ 7.75006647 -5.88788044 -2.43927265 -8.05059974]
 [-0.07277519  6.43455002 -8.72374476  0.80951706]]
0.378481143072389
[[-6.65945098  8.30528205  9.67586265 -9.1428742 ]] [[-5.79223162 -8.13050252  2.71235282 -6.18329247]
 [ 8.36113796 -2.92116794  0.96623815 -6.73040144]] [[ 1.9291369   6.06517786 -9.07368593 -5.77803547]
 [ 4.39600112 -0.19842554  5.12757616 -0.80540302]
 [ 7.7636898  -9.9176849   9.82522846 -2.09812943]
 [-3.70092114  2.40129968 -2.10343136 -8.29785803]]
0.9006081375576975
[[-5.40771432 -4.89089483 -8.49654799 -3.98101751]] [[ 9.63801628  1.88133413 -4.02863167  7.05848318]
 [-8.21913001 -9.68261134 -7.61114835 -1.86371184]] [[-9.90624706 -1.86833576 -2.36943685  5.86306767]
 [ 0.45391947  7.85534961  0.61387096 -2.47123008]
 [-7.03179341  7.1873684   6.27397717 -8.20756592]
 [-8.38625501  7.36411102 -6.15933101 -7.2072472 ]]
0.9393460966843479
[[ 7.0744212  -7.55361112  3.12587318  0.1270678 ]] [[ 1.17219306 -2.09846565  7.23006297  4.07148969]
 [ 8.19493433  8.64985325  5.08437374 -2.11361862]] [[-2.79749768  7.19931228  4.16639092  1.03941595]
 [-7.48945055  5.63928441  9.60657654  6.13498588]
 [ 4.59976166  4.64007145 -6.74612906  7.8220681 ]
 [-9.91261788  0.05349382  9.23160567 -0.50648581]]
0.939800297908291
[[-3.6021236  -8.26306548  9.90770235  1.26092041]] [[ 6.91125048 -6.34232669 -9.71382565  6.19818191]
 [-1.18730289  6.94133087 -6.05698147 -4.04956909]] [[ 1.21816265 -2.57885979 -2.98139789 -7.21529593]
 [-3.05690847 -5.3573389   1.98933346 -8.93401986]
 [-8.69617213 -0.53732506 -6.39852211  0.56024005]
 [ 0.50946686 -2.62886315  4.25843289 -5.37963707]]
0.9470498085383344
[[ 1.63261377 -5.36664724  2.0779419   4.09148   ]] [[ 1.59180694 -8.51154345 -6.88679545 -4.52192077]
 [-4.69295281  7.70359727 -9.88320802 -0.81995941]] [[-8.6699951   8.41416644 -1.44733417  7.0024316 ]
 [-2.4582323  -0.58187364  1.42653729  0.57579179]
 [-0.32252697  2.50014181  7.22412356 -5.00604162]
 [-6.51817813 -8.41499608 -9.87712174 -1.87322985]]
0.9507339939159732
[[-1.49132061  8.36495435 -6.08421152  0.07173928]] [[ 4.20155757 -2.34562548  5.3915697  -8.51136321]
 [-1.26323471  8.53910917 -2.82089163  8.85308465]] [[ 3.744548   -9.09942879 -5.28633582 -9.8555608 ]
 [-1.51006531 -7.75625469  0.24823312 -5.2393702 ]
 [ 0.17900099 -1.75628905 -8.18553138  9.61554464]
 [-8.8855943  -7.42341844  8.11588631 -7.50606798]]
0.9343798356658402
[[4.20215741 1.46071979 7.62233102 5.89548473]] [[ 6.58473455 -8.57379671 -7.51096759 -6.24947629]
 [-9.03966354 -6.45281298 -6.36235286 -1.58337731]] [[-4.08117749  3.14636823  7.29342826  7.9561027 ]
 [-3.02681079  1.9967259  -5.015987    6.59963835]
 [-6.39640291 -2.23662307  6.61919767  6.21780243]
 [ 0.14622252 -1.77894454  9.09856267 -6.93021336]]
0.9367902000792533
[[-5.37965222  3.19630445  3.31005613 -4.11589249]] [[ 4.85106367  2.47141953 -9.60136358  4.07499665]
 [ 0.41084172 -7.85078254 -2.44852007  9.05191938]] [[-4.4790074   1.92062683  2.84974723 -0.05322938]
 [ 4.96971482 -5.52321035 -5.00274816 -2.35063647]
 [ 0.60660721  4.02125674 -8.17609603  8.39263747]
 [-4.69245342 -3.35904907  7.08958195  0.71398598]]
0.9227277978633401
[[-5.64039271  9.57677842 -7.50278478  7.72235309]] [[ 4.35992388 -4.16179365 -4.74170623 -9.95631616]
 [-0.09523377  3.0026255   4.8142026  -2.62482958]] [[ 1.75478877 -4.97786599 -3.23855239  1.38330361]
 [-6.83610657 -5.84586    -2.75541223  2.70217125]
 [-0.87302721  4.60660002  6.52768585  7.77701458]
 [ 6.69608646 -0.97445215 -1.84802602  3.68767598]]
Node 4: 
0.9466471990441176
[[-5.34250292  4.06972893 -1.29329968 -5.61995642 -4.95473602]] [[ 9.77087387  6.84108724  7.49460578  0.79468677  1.44883037]
 [ 6.21424275 -0.98670516  7.45805062  6.27931738  8.17322862]] [[-2.5227049   2.33582289  8.33824721  2.29301717  8.14069922]
 [ 1.10864449 -1.43018092  7.44889723 -7.46333744  6.59548443]
 [-3.64685467 -5.61594944 -3.26005997 -6.90567514 -1.85484237]
 [-2.78314097  7.40941574  6.68623843 -8.71513904 -4.3411103 ]
 [-6.68957082 -4.18424249 -6.68191653  3.64078514 -8.18897051]]
0.9328928654013424
[[-2.31448122  2.67950886  2.72957338  9.07295807  0.6880751 ]] [[ 5.90183784 -9.94945348  5.41773174 -4.83471472 -6.82517317]
 [-4.35175225 -2.9641306   4.27100571  6.11117393 -5.99575681]] [[ 0.93360607 -2.41057991  7.28555133  5.75451653 -5.47672172]
 [-2.49478412 -0.20572727  1.36139815  4.50828261  0.22306834]
 [-3.19228117  1.92593823 -7.42729254 -3.90509907 -8.54504947]
 [-8.19668789 -9.50527485 -1.7031214  -3.73661063  1.83579753]
 [-6.02477381 -5.45376422  0.24091516  8.45814643  7.91475722]]
0.9503579289456945
[[-8.5236844   2.660841   -5.88084655 -1.2864036   7.29105794]] [[ 2.07463537 -7.70778605  3.1247075   6.57105414  1.97712814]
 [ 6.46761528 -0.98615761 -1.72847262  2.8013845  -9.30509023]] [[-5.02955465  4.24086417  0.28444166  7.91817613  9.56371726]
 [-9.76699105 -9.25954613  1.225754   -1.54589678  2.77865942]
 [-0.76720821  4.65854645 -0.73690725  3.8650828  -5.58580611]
 [-0.94886229 -3.16097114 -2.64649213 -6.3728449   7.50906392]
 [ 7.61211707 -4.94784498  3.67911767  1.3267301   8.48986962]]
0.9351117814729217
[[-6.36742132  4.56169805  3.53215692  0.89721262 -8.95590651]] [[ 9.25116105  6.08039171  4.08196349 -3.99198861  7.76823448]
 [-7.72078557 -2.89861737  2.6915131   2.48589606  9.01520584]] [[ 7.56249979 -1.33416676 -4.129501   -7.79362504 -4.83308218]
 [ 9.38129375  0.34286696 -1.87866382  7.48375855  4.91380551]
 [ 1.98037352  0.11057327 -9.62745331  7.82723903 -3.52657723]
 [-9.68920296 -2.65904088  4.68314177 -4.68175512  1.22407049]
 [-2.93955991 -1.06308626  7.06950123 -5.53080152 -5.08337697]]
0.9255320548339719
[[ 1.94285132  0.27692442 -9.86874701 -8.41145481 -7.79920915]] [[ 5.90848483 -5.44165124 -5.8598084   5.17167358  0.62325586]
 [-5.19405844 -9.25259774  7.71735671 -4.22327847 -6.97759781]] [[ 2.56230367  3.26454966 -2.13959812  0.66544407  3.18227471]
 [-8.58852128  5.08106992  2.04457767 -4.69741569  5.38838679]
 [-7.76514787  4.06417428 -5.16703696  7.19068967 -6.98443766]
 [ 7.34446432  6.82709128  6.63610916 -7.84494149 -7.04396161]
 [ 4.1827455   7.3726979  -7.60838839 -6.2432667  -7.82950265]]
0.9494058302615599
[[ 5.41999746 -2.10241095 -2.69492571 -9.03163088  8.45904493]] [[ 2.61689283 -0.59330246 -8.10747906  7.69820977  5.31344633]
 [-8.96962045 -2.76538107  4.99221235 -8.2166174   0.98771466]] [[ 7.96787046 -5.66173433 -3.22483988  7.38543926 -0.19821739]
 [-7.79631925 -7.80976692  8.52912949  5.04856217 -5.95595639]
 [-4.85272704 -1.55656216 -4.16159962  3.71644926 -6.23637069]
 [ 3.42307323  3.87773131  3.86002984 -1.06687287  5.19024647]
 [-4.49012794  8.34069098  1.14587374  0.76277026  2.50936687]]
0.9462417020573308
[[ 9.38638539 -1.35110542  8.07509363 -0.451222    5.12663402]] [[-1.20334172 -8.04428274 -2.47391849 -7.08202486  9.24449022]
 [-5.87429756  6.13524278  6.05278588  4.39788394  0.39102626]] [[-5.55405266 -1.5437497   8.19728077  9.88498974  0.18204012]
 [-7.31912141  1.96755943 -0.57396147 -7.05310387 -2.99283853]
 [-8.76463232  8.09612813  2.20850421 -9.89607813  0.72573164]
 [ 5.04054183  4.31166975  4.90155751  1.29088684 -2.91170466]
 [ 0.50330342 -5.70571766 -6.9311812  -5.07851589 -7.23827448]]
0.9168273035060777
[[-9.6692958  -3.72461312 -4.07538896 -1.06379503 -0.81497951]] [[ 8.90715396 -9.71605591 -6.54624888  1.0373117  -8.58372526]
 [-9.07317773 -3.77081842 -9.78688598 -9.69497728 -5.91572606]] [[ 1.05916721 -4.80583691  7.54499907  4.83531489  0.35707687]
 [ 6.39162625  7.34402324 -6.75945999  8.94202231 -1.08876031]
 [-4.27502456 -8.12634496  5.10699605  6.78738783  9.62868634]
 [ 6.26716404 -6.56750967  1.82945527  7.51849067  2.46252959]
 [ 2.88695624  0.23852956  6.01944237 -6.80218126 -7.41132077]]
0.9338876145366156
[[ 4.67554427  2.98330212  7.88153943  1.58220725 -8.48178704]] [[ 4.70400636  6.48389226 -1.97114386  4.36781696  3.13379347]
 [-2.2980856  -1.62025682  5.40148271  2.05299949 -5.97715023]] [[-2.40854233 -8.41094888  9.49073088 -9.20529962 -1.31099535]
 [ 1.65496897  2.89889488 -6.0728863   2.3070331  -1.00851569]
 [-7.86088561 -0.12072854 -0.63915169 -5.29648351 -3.12306279]
 [-8.06984045 -4.26480744 -8.04576557 -6.52529541 -8.34245668]
 [ 6.53511169  2.94249827 -2.42964677 -1.77052842 -6.87543833]]
0.9522114022008841
[[ 9.0954399  -2.09005909 -8.40905249  5.51426958  8.87892489]] [[ 4.42393941 -6.95259832 -1.66686431 -5.17875389 -1.12482632]
 [-5.57695572  8.42163208  2.60782116 -2.93693162  1.19816031]] [[ 3.90397706e+00  7.07390669e+00  6.06034486e+00  7.23729315e+00
   7.38564915e+00]
 [ 2.36258442e+00  6.32646596e-03  6.30393304e+00  7.58895308e-01
  -2.22171024e+00]
 [-2.53613427e+00 -2.39803839e+00 -5.24496222e+00  9.45427892e+00
   8.67428665e+00]
 [-7.92750328e+00  6.70083617e+00  5.92088607e+00 -7.86303568e+00
  -2.41734407e+00]
 [-8.54325804e+00  1.32874559e+00  6.63767498e+00  3.49068372e+00
   8.85114349e+00]]
Node 5: 
0.8734706244163147
[[-5.15416351  5.45065696 -2.18713093  5.58382588  1.33657759  1.26186245]] [[ 8.54522173 -3.60316145  4.3901175  -9.18668567  5.20972023  4.55874689]
 [-9.44744691  5.04329981  1.71363541 -9.68200549 -7.11663924 -3.47117211]] [[-6.05157384  6.86513803  3.48480518  8.96830578 -2.81600207  5.16493785]
 [ 0.24859202  3.63607288 -7.3167254   1.4832319   3.10855397  7.774312  ]
 [-5.59538765 -1.01804721  5.32694924  9.06642502 -4.95769544  9.80521317]
 [-4.30374182 -8.86989642 -5.03389739  6.84172664 -6.79218195 -1.70907851]
 [ 4.416516    6.06715315 -3.91209364  9.1292415   8.13959726  9.35002381]
 [ 6.7154194  -4.32796353 -0.7806657   2.72824876  1.00542268  1.44184604]]
0.9152894342692642
[[-4.36546344 -1.98496284  5.25226894  9.14470966  5.17593859 -4.16459516]] [[ 5.74669331 -2.94910178  1.61837994 -8.31476779  6.80408477 -0.90888557]
 [-0.18704543 -6.17214046  6.61343248 -7.60244005 -2.63802853  7.36293968]] [[ 0.34518407 -5.20110657  5.66141274 -5.27636696  5.31807748  8.71419011]
 [-9.27026225  5.1686884  -7.13968526  7.19341324  0.07037082  7.71692238]
 [-0.88066172  1.75352534  3.29828656 -9.06865256 -8.8046517   8.33171563]
 [-2.94428895  6.38850394  6.48080942  0.3115966  -9.20277419  6.79088139]
 [ 0.01744954 -5.91216285  5.49716607  6.64056931 -6.06981958  5.63013279]
 [ 2.52367611 -9.08587193  5.18845386 -9.79323151 -5.89355775 -8.67009069]]
0.8980735047412168
[[-5.88352883  3.92668033  5.85853109 -4.86781089 -7.52236962  3.08571983]] [[ 7.93266538  7.79075648 -3.47714652 -3.98560647 -6.35950701 -5.27927525]
 [-2.22740127 -7.4964952   0.2241377   5.29803141  0.53535612  6.99753846]] [[ 6.21944206e-01  2.08319608e+00  6.85448903e+00  8.31153414e+00
  -5.09180510e+00 -2.63254527e+00]
 [ 2.49549586e+00  4.31221845e+00  2.61160537e+00 -8.81351780e+00
   3.32657348e+00  7.38405225e+00]
 [-1.91736828e-01  5.78055932e+00 -4.15567514e+00 -1.59758423e+00
   8.31704496e+00  9.13345581e+00]
 [ 8.28638290e+00  9.16048637e-01  2.96798617e+00  5.05930739e+00
  -4.27191949e+00  2.88194685e+00]
 [ 4.24318150e+00 -2.26403712e+00  7.53456413e+00 -6.36900744e+00
  -6.39243284e+00  3.36438021e+00]
 [-4.37523895e+00  6.68032547e+00 -7.19240832e-03 -1.94322027e+00
   6.75931247e+00  8.97436598e+00]]
0.9512930298900921
[[-5.34130476 -6.11587232 -2.86815334  2.70754143  5.44068835 -5.61528765]] [[ 4.56127838  4.53922034 -5.07379419  7.2361953  -9.34110695 -2.97553305]
 [ 2.19042185  2.04926075 -0.41204639 -1.59213659  6.47197653  0.26240698]] [[-4.12700426  5.67351308 -3.9426352  -0.59690089 -6.41285036 -8.77436285]
 [-9.11186168 -7.03147113 -7.15916251  7.53074809 -1.33976839  7.84489256]
 [ 1.75114962  3.26712346  8.97428102  0.96179062  8.26435786 -5.27684195]
 [-4.74769479 -5.77057881 -4.054942    2.88925979  1.35817963  7.77625157]
 [-8.52993248  9.05638578  0.02779831 -5.94921081  5.1824221   8.46569991]
 [ 8.75804355  1.26676801 -1.32311955 -6.75897796 -3.7984102   8.98850754]]
0.9098660095133204
[[ 1.7554839   9.40473024  2.675687    8.4893079  -9.3885181  -6.51155014]] [[ 9.20631967  4.15235983  6.56453159 -3.43899089  0.65865214 -5.94922771]
 [-0.47851286  4.80071089 -1.91589808  0.64992144 -9.96942402 -2.95353963]] [[-3.58882948  8.42727264  0.2766759   0.07138817  4.93250465  9.57908033]
 [-7.16043755  9.14706005 -6.342091    0.29604425  0.29124288 -2.82963965]
 [-4.32150694  1.65525433 -1.79155652  6.09867425 -0.30465622  5.78261425]
 [ 5.04799397 -8.29475519  5.05179618 -1.91285919  4.21132645 -4.18095497]
 [-2.41262509 -6.51005488  4.45532829 -0.7700511   9.23976008 -4.90630744]
 [-7.11610363  1.42450161  3.46394216 -7.82876264  9.12702144 -9.66546208]]
0.9318842406216898
[[-6.36956222 -2.87118092 -0.62187157 -1.51978598  9.95717441  1.54088536]] [[ 8.68490111 -7.64917625 -6.03848797 -8.08298041 -8.81521311  2.07690458]
 [-6.11345881  0.52441413  1.7135452   2.04116134  9.85785509 -0.91171792]] [[-5.31051996 -9.8210215  -2.45819826 -3.27183838 -5.2795108   3.33419418]
 [ 2.02551918  1.82439568 -0.79950986 -4.27180068  1.20303604  8.26990739]
 [ 0.5951028  -9.43833324 -7.89734525  6.57052986  6.29141851  7.96798878]
 [-7.78308764  9.29521171  7.49727704 -9.57417027  2.05849434 -8.9497417 ]
 [-6.68841413 -6.82802259 -4.9926656   5.46089567 -7.45687339  0.86629036]
 [ 2.16672279 -2.02258364  0.4985855   1.93387414  1.92685793 -9.85167352]]
0.9418050654200673
[[ 7.81476281  5.25978328 -3.85203427 -2.83082974  1.16670985  0.19783984]] [[ 3.82523118  8.47244192 -8.73025839 -1.13733467 -5.19621196  8.32893753]
 [-6.37410063  6.9953443  -2.61973626 -2.74639833 -0.18116649 -9.31615493]] [[-4.63323817 -9.2378202  -0.34180801 -8.31243973 -2.88657377  9.97524732]
 [ 2.23273894  6.15655176  3.26268719  8.3174145   6.16056641  6.33125982]
 [-9.52005013 -5.90666308  3.32590084 -8.68201979  1.06186609  7.14097679]
 [-1.17024234 -4.53934304 -4.14626017  5.56221734 -7.55829515  2.6932069 ]
 [ 4.83555431 -7.42081963  6.78183369  8.93670543  9.27676824  7.69853286]
 [-5.35796139  6.86597668  5.67981778  8.9600311   3.92286339 -6.75971404]]
0.9075432285363234
[[-2.69540113 -0.35961145  0.88196429 -0.25449496 -1.78013612 -4.78288948]] [[ 8.75820599  3.76709303 -3.12223008 -4.36023915 -9.93941816 -7.30724444]
 [-7.36940993  0.16671916  1.82313086  7.08681015 -5.25721819 -4.47851251]] [[ 4.69160636 -2.56521144 -3.73586616 -1.04873203 -6.04642039 -8.07708933]
 [-8.01287825 -8.37790587  2.6597784  -1.46621836 -8.52714654  0.58202652]
 [ 6.77999079  7.38197081  9.62354713  5.51901894  0.15201593 -7.41166427]
 [-9.23488077  3.60074905  8.76545054 -6.6151191   1.66140864  4.24716196]
 [ 2.92634363 -4.17734798 -1.71043975  1.32536271 -4.16461818 -2.58261171]
 [ 0.93807466  3.28147403  6.65750422 -6.32701485  5.15260121 -8.78888831]]
0.9402513142296515
[[-3.13692925  4.00526413  0.81241717 -7.70043931  3.90277289  6.91492866]] [[ 1.49369382 -3.34380021 -8.27821425  6.2861833  -6.59705778 -7.53742305]
 [ 1.63983652 -4.51489389  1.74852452 -7.24241843 -3.51784605  7.67394049]] [[-7.86132828e+00  2.48209731e+00  4.12262910e-01  7.06776619e+00
   8.52337705e+00 -9.40577648e+00]
 [-9.29641854e+00 -4.99191170e+00 -5.30064619e+00 -3.93043399e+00
  -5.58454868e+00  1.45995986e+00]
 [-3.72371392e+00  3.30644880e+00  8.98074297e+00 -5.86530469e+00
   6.66031148e+00 -7.44549700e+00]
 [-1.32700267e+00 -2.03601647e+00  5.94891815e+00 -7.39419062e+00
  -5.39549390e+00 -9.14692980e+00]
 [ 2.95896586e+00 -9.81363545e+00 -6.99302576e+00  6.62717320e-03
   8.27424101e+00  2.22347070e+00]
 [-4.99408341e+00  8.91061672e+00  6.88718342e+00  9.58944464e+00
  -2.06259924e-01 -9.46658017e+00]]
0.9168273035060777
[[-4.0609886   8.06252635  1.01551189 -4.74956025 -0.12917175 -0.48009615]] [[ 6.1902259   6.33034694 -1.54204727 -2.92373573 -1.07049275  3.69431364]
 [-2.93769723 -7.05287871  7.00559013  0.76900014  2.16876114 -7.59201169]] [[-1.65647968  0.49284638  1.17505671 -6.01919746  3.91327262  6.80936856]
 [ 1.3571838   0.54421318  2.26272911 -0.49751833 -6.20751667 -9.91474619]
 [-9.45999968 -3.71432632 -5.50361561  0.32806934 -3.90281215 -9.42621852]
 [-2.08445435  4.74888151 -1.97083348 -6.03389255  4.12486642 -7.85225105]
 [ 0.19187089  3.85508067  8.57691496  1.36986578  1.63068582  3.68947202]
 [ 3.25434168  0.72283233 -0.20294811 -0.08131317 -7.98229686  7.10889348]]
